# Binding energies of docked conformations, attached to ligand center of mass
# Box Cluster      Center_of_mass(x,y,z)       BindingEnergy
1   1      -0.072     59.295  120.226     -4.80 
1   2      -0.432     59.696  119.862     -5.00 
2   1      0.794      59.906  119.700     -5.40 
2   2      -7.402     76.767  117.138     -5.60 
3   1      -6.720     77.442  117.148     -5.50 
3   2      -4.720     74.996  116.097     -5.70 
4   1      0.070      83.696  112.332     -6.30 
4   2      1.866      84.305  112.451     -5.60 
5   1      0.832      82.465  110.787     -6.60 
5   2      1.248      84.539  111.450     -6.40 
6   1      0.832      82.457  110.787     -6.60 
6   2      1.224      84.544  111.454     -6.40 
