1
  -6.617  79.714 117.547
  -7.763  78.908 117.447
  -8.105  77.920 118.398
  -7.399  77.773 119.601
  -5.944  78.221 119.508
  -5.895  79.645 118.909
  -6.950  81.079 117.225
  -7.917  81.721 118.093
  -8.984  82.374 117.194
 -10.398  81.837 117.476
  -7.284  82.876 118.874
  -7.473  82.742 120.394
  -4.504  80.126 118.705
  -3.850  80.875 119.592
  -2.432  81.280 119.176
  -4.298  81.216 120.697
  -4.053  79.870 117.849
  -5.367  78.144 120.863
  -4.388  77.944 120.804
  -5.811  77.395 121.364
  -5.509  79.005 121.344
  -9.142  77.038 118.131
 -10.320  77.346 118.432
  -8.908  75.921 117.632
2
  0.047  59.868 118.675
 -1.346  59.698 118.604
 -2.030  59.370 117.412
 -1.347  59.038 116.232
  0.029  59.686 116.126
  0.820  59.401 117.423
  0.560  59.214 119.853
  0.956  60.083 120.942
  2.361  59.644 121.397
  3.377  60.798 121.362
  0.055  59.890 122.166
 -1.070  60.934 122.248
  2.146  60.071 117.438
  3.268  59.467 117.825
  4.523  60.344 117.782
  3.349  58.278 118.170
  2.177  61.027 117.144
  0.684  59.147 114.919
  1.670  59.078 115.072
  0.526  59.779 114.154
  0.311  58.250 114.701
 -3.416  59.410 117.381
 -4.080  58.415 117.760
 -4.009  60.412 116.939
3
  -6.703  77.945 117.114
  -5.957  77.753 115.939
  -5.937  76.536 115.220
  -6.784  75.467 115.548
  -7.179  75.436 117.020
  -7.720  76.826 117.424
  -7.363  79.225 117.071
  -6.575  80.364 117.495
  -6.037  80.055 118.905
  -5.239  81.229 119.499
  -7.444  81.614 117.657
  -8.914  81.283 117.960
  -8.050  76.908 118.871
  -9.197  77.400 119.335
  -9.327  77.410 120.861
 -10.133  77.801 118.626
  -7.360  76.576 119.516
  -8.170  74.357 117.193
  -7.804  73.499 116.832
  -8.998  74.590 116.674
  -8.393  74.251 118.159
  -5.031  76.364 114.184
  -5.199  76.969 113.098
  -4.072  75.579 114.307
4
  2.516  86.412 112.236
  3.074  87.687 112.425
  3.643  88.115 113.647
  3.830  87.237 114.725
  2.827  86.089 114.752
  2.811  85.404 113.367
  2.937  85.877 110.966
  1.943  85.880 109.912
  0.591  86.249 110.553
 -0.606  85.743 109.729
  1.746  84.479 109.327
  2.975  83.576 109.518
  1.795  84.322 113.281
  2.088  83.066 112.949
  0.889  82.114 112.901
  3.231  82.643 112.722
  0.846  84.571 113.480
  3.222  85.178 115.843
  4.215  85.197 115.958
  2.950  84.242 115.600
  2.777  85.451 116.692
  3.996  89.446 113.812
  4.092  89.930 114.965
  4.177  90.179 112.821
5
  1.228  81.171 111.828
  2.410  81.668 111.253
  2.684  81.614 109.867
  1.722  81.192 108.937
  0.707  80.213 109.517
  0.120  80.810 110.817
  0.729  82.107 112.804
  1.081  83.496 112.594
  1.376  84.114 113.974
  1.147  85.634 113.998
 -0.104  84.293 112.038
  0.007  84.549 110.527
 -0.820  79.878 111.494
 -1.926  80.279 112.118
 -2.744  79.158 112.767
 -2.324  81.452 112.168
 -0.590  78.904 111.474
 -0.314  79.965 108.482
 -0.940  79.248 108.789
  0.142  79.648 107.645
 -0.821  80.802 108.296
  3.948  81.946 109.403
  4.554  81.171 108.624
  4.507  82.991 109.788
6
  1.279  81.197 111.885
  2.441  81.707 111.282
  2.687  81.646 109.891
  1.712  81.203 108.985
  0.725  80.212 109.594
  0.156  80.810 110.901
  0.787  82.133 112.865
  1.102  83.527 112.630
  1.390  84.174 113.999
  1.241  85.704 113.968
 -0.105  84.285 112.070
  0.013  84.563 110.563
 -0.755  79.870 111.605
 -1.885  80.251 112.197
 -2.666  79.125 112.883
 -2.332  81.408 112.193
 -0.485  78.906 111.630
 -0.314  79.940 108.582
 -0.060  79.137 108.043
 -0.380  80.728 107.963
 -1.192  79.785 109.028
  3.935  81.995 109.397
  4.457  83.087 109.727
  4.526  81.251 108.592
