# Binding energies of docked conformations, attached to ligand center of mass
# Box Cluster      Center_of_mass(x,y,z)       BindingEnergy    Center_of_geometry(x,y,z)
  1   1        -0.072       59.295       120.226       -4.800       -0.031       59.481        120.626
  1   2        -0.432       59.696       119.862       -5.000       -0.109       59.489        119.745
  1   3        -10.797       77.477       119.851       -4.800       -11.038       77.696        120.151
  1   4         0.022       59.119       120.445       -4.700        0.142       59.281        120.828
  1   5        -0.905       59.203       119.401       -4.600       -0.592       58.965        119.269
  1   6        -8.148       81.625       119.452       -4.900       -8.363       81.949        119.190
  1   7        -6.184       94.866       119.660       -4.900       -6.196       95.305        119.620
  1   8         0.560       59.278       119.197       -4.700        0.608       59.416        119.628
  1   9         0.899       59.718       120.376       -4.600        0.925       59.516        119.940
  1   10        -6.954       79.750       118.724       -4.600       -6.638       79.624        118.969
  1   11        -0.928       57.215       118.858       -4.600       -0.979       56.825        118.677
  1   12        -12.491       65.478       121.195       -4.600       -12.672       65.178        120.942
  1   13        -8.947       80.661       119.980       -4.800       -9.121       81.030        119.718
  1   14        -0.646       59.206       119.299       -4.700       -0.383       58.969        119.034
  1   15        -0.546       59.707       119.610       -4.900       -0.258       59.492        119.433
  1   16        -10.907       77.607       119.753       -5.000       -10.845       78.007        119.947
  1   17         0.242       59.260       120.518       -4.800        0.052       59.266        120.899
  1   18        -0.899       57.006       119.951       -4.700       -1.127       56.981        120.314
  1   19        -10.083       77.326       119.755       -4.900       -10.351       77.542        120.029
  1   20        -5.569       93.757       119.710       -4.400       -5.435       94.138        119.794
  1   21        -8.917       77.525       118.894       -4.800       -8.964       77.939        118.985
  1   22        -5.859       93.019       119.168       -4.800       -6.226       92.973        119.005
  1   23        -1.115       58.562       119.581       -4.900       -1.118       58.178        119.329
  1   24        -0.532       57.871       119.305       -5.600       -0.521       57.504        119.070
  1   25         0.754       59.167       119.775       -5.200        0.650       59.304        120.151
  1   26        -1.030       58.706       120.206       -5.200       -0.958       58.345        119.958
  1   27        -0.877       59.448       120.460       -4.900       -0.525       59.293        120.305
  1   28        -9.617       78.481       119.289       -4.700       -9.934       78.639        119.540
  1   29        -1.754       58.006       120.349       -4.900       -1.976       58.057        120.723
  1   30        -0.627       58.666       119.621       -5.000       -0.304       58.513        119.406
  1   31         0.015       57.620       119.390       -4.600       -0.019       57.989        119.685
  1   32        -6.328       77.312       118.007       -4.600       -6.749       77.089        117.950
  1   33        -10.207       80.391       120.494       -4.700       -10.224       80.756        120.181
  1   34        -1.162       59.195       119.372       -5.100       -0.797       59.054        119.187
  1   35         0.161       59.829       121.355       -5.100       -0.129       59.829        121.673
  1   36        -6.402       81.300       118.999       -4.700       -6.418       81.529        119.341
  1   37         1.122       59.737       120.549       -5.500        1.042       59.548        120.141
  1   38        -15.414       74.813       120.040       -5.100       -15.823       74.930        120.078
  1   39        -7.622       79.112       118.749       -4.900       -7.834       79.344        119.020
  1   40        -7.745       82.003       120.429       -4.600       -7.994       81.869        120.065
  1   41        -12.342       64.300       121.122       -4.600       -12.485       63.981        120.906
  1   42        -4.805       95.225       119.589       -4.400       -4.754       95.635        119.594
  1   43        -9.714       81.115       120.271       -4.600       -9.965       81.303        120.619
  1   44         0.361       59.498       120.179       -4.500        0.381       59.262        119.771
  1   45         4.418       67.717       121.483       -4.900        4.649       67.350        121.583
  1   46         0.509       59.896       120.696       -5.100        0.417       59.918        120.288
  1   47        -1.741       59.880       121.486       -4.700       -2.064       59.737        121.701
  1   48        -13.728       67.386       121.975       -4.600       -13.898       67.161        121.665
  1   49        -1.863       60.500       122.557       -4.800       -2.259       60.331        122.718
  1   50        -18.237       77.579       120.766       -4.800       -18.052       77.712        121.170
  1   51        -2.489       59.031       119.215       -4.800       -2.547       59.172        119.601
  1   52        -9.571       81.662       120.522       -4.600       -9.602       81.985        120.168
  1   53        -1.570       59.937       119.783       -5.000       -1.747       60.053        120.135
  1   54        -1.073       58.799       119.069       -5.300       -0.769       58.545        118.832
  1   55         0.021       59.155       119.132       -5.500        0.275       58.898        118.923
  1   56        -0.284       59.413       119.103       -5.900       -0.033       59.187        118.846
  1   57        -0.316       59.479       119.555       -5.400       -0.066       59.249        119.327
  1   58         0.148       59.938       119.263       -5.500        0.452       59.707        119.098
  1   59        -0.035       59.534       119.856       -4.900        0.253       59.383        119.552
  1   60        -7.501       78.724       119.010       -5.200       -7.614       79.111        119.113
  1   61         0.163       59.601       120.210       -5.100       -0.069       59.416        119.889
  1   62         0.221       60.300       119.856       -5.500        0.413       60.109        119.522
  1   63        -0.295       60.157       120.619       -5.300       -0.037       60.016        120.317
  1   64        -0.921       59.452       119.881       -5.000       -0.732       59.153        119.657
  1   65        -7.322       76.919       118.693       -4.800       -6.984       77.205        118.631
  1   66        -8.783       76.740       118.624       -4.700       -9.216       76.775        118.830
  1   67        -10.470       77.192       119.604       -5.100       -10.415       77.624        119.685
  1   68        -10.694       77.152       120.052       -5.100       -10.499       77.538        120.227
  1   69        -2.573       58.803       120.428       -4.900       -2.832       59.189        120.540
  1   70        -3.566       92.313       118.570       -4.700       -3.348       91.972        118.463
  1   71         2.432       61.375       121.207       -4.600        2.253       61.124        120.858
  1   72        -5.788       94.632       119.042       -4.700       -6.124       94.875        118.998
  1   73        -9.405       77.255       118.293       -4.700       -9.853       77.330        118.478
  1   74         0.819       60.622       121.981       -4.800        0.514       60.571        121.617
  1   75        -1.309       60.184       122.030       -5.200       -1.509       60.124        121.656
  1   76         1.244       58.250       120.108       -4.800        1.144       58.053        120.498
  1   77         0.346       60.471       122.084       -4.900        0.029       60.418        121.716
  1   78         1.047       59.723       120.291       -5.100        0.805       59.809        119.966
  1   79        -12.254       65.526       122.131       -4.900       -12.510       65.265        121.841
  1   80         1.598       57.862       119.026       -4.700        1.424       57.485        119.137
  1   81        -2.687       60.078       121.389       -5.000       -2.663       59.726        121.145
  1   82        -0.469       58.991       120.840       -4.700       -0.809       59.296        120.915
  1   83        -0.007       59.292       119.219       -5.400        0.259       59.082        118.966
  1   84        -0.367       59.111       120.476       -4.600       -0.154       59.340        120.174
  1   85        -1.287       60.253       119.392       -5.800       -0.901       60.241        119.080
  1   86        -1.240       59.766       119.710       -5.700       -0.833       59.691        119.416
  1   87        -8.979       78.369       120.016       -4.600       -9.301       78.677        120.201
  1   88        -1.851       59.708       120.094       -5.000       -1.914       59.585        120.475
  1   89        -1.182       59.386       119.447       -5.100       -1.246       59.494        119.842
  1   90        -1.164       59.472       120.243       -4.900       -0.854       59.177        120.154
  1   91        -0.010       59.564       119.600       -5.000       -0.287       59.727        119.858
  1   92         0.312       58.370       119.067       -5.200        0.169       57.984        118.803
  1   93        -5.551       94.165       119.346       -4.500       -5.886       93.938        119.256
  1   94        -1.246       60.124       120.473       -5.600       -1.434       60.254        120.835
  1   95        -11.040       81.597       120.820       -4.800       -10.926       81.653        120.379
  1   96        -6.989       80.757       118.953       -4.700       -7.171       81.141        118.944
  1   97        -8.110       93.096       120.983       -4.800       -8.374       93.463        121.156
  1   98        -10.615       78.782       119.982       -5.100       -10.448       79.199        120.115
  1   99        -17.931       76.990       120.565       -4.600       -18.245       76.726        120.317
  1   100        -5.025       94.531       119.486       -4.500       -4.880       94.892        119.355
  1   101        -8.029       79.008       119.087       -4.500       -7.751       78.812        119.325
  1   102        -10.443       78.509       120.011       -4.700       -10.359       78.928        120.107
  1   103        -8.607       81.613       120.016       -4.800       -8.812       81.946        119.749
  1   104        -9.789       82.045       120.339       -4.800       -9.825       81.978        119.923
  1   105        -8.082       78.890       118.597       -4.600       -8.469       78.921        118.865
  1   106        -17.162       75.713       120.508       -4.500       -16.899       76.046        120.362
  1   107        -8.130       80.547       119.341       -4.700       -8.373       80.863        119.263
  1   108        -5.720       93.755       119.182       -4.300       -5.278       93.791        119.159
  1   109        -8.667       78.748       118.633       -4.500       -8.191       78.809        118.566
  1   110        -3.120       58.687       120.905       -5.000       -3.211       58.990        121.203
  1   111         1.511       57.054       119.090       -4.400        1.428       56.658        119.114
  1   112        -11.250       74.289       120.017       -5.200       -11.579       74.473        119.715
  1   113        -10.339       76.997       119.923       -5.100       -10.345       77.157        120.353
  1   114        -10.592       75.572       120.077       -4.700       -10.513       75.982        120.146
  1   115        -9.791       74.156       118.958       -4.900       -9.495       74.447        118.845
  1   116        -10.618       75.719       119.789       -5.100       -10.542       76.149        119.840
  1   117        -7.783       81.845       119.375       -4.800       -8.122       82.161        119.179
  1   118        -8.357       81.834       119.767       -5.100       -8.690       82.158        119.577
  1   119         0.358       57.821       119.101       -4.800        0.097       58.053        119.341
  1   120        -9.648       80.753       120.042       -4.900       -9.840       80.805        120.399
  1   121        -13.333       66.628       121.081       -4.800       -13.480       66.253        120.837
  1   122        -9.371       77.137       119.384       -4.900       -9.309       77.567        119.419
  1   123        -9.821       81.383       120.649       -4.500       -9.732       81.418        120.192
  1   124        -8.816       78.699       119.136       -4.500       -9.208       78.761        119.281
  1   125        -13.926       68.385       121.348       -4.600       -13.991       68.028        121.125
  1   126        -13.585       67.761       121.762       -4.800       -13.701       67.378        121.542
  1   127        -18.235       75.583       120.152       -4.600       -18.042       75.980        120.328


  2   1         0.794       59.906       119.700       -5.400        0.700       59.817        119.304
  2   2        -7.402       76.767       117.138       -5.600       -7.032       76.982        117.091
  2   3        -1.654       57.343       118.220       -5.300       -1.932       57.583        118.497
  2   4        -7.453       74.839       117.355       -5.900       -7.103       75.085        117.403
  2   5        -6.610       77.658       117.093       -5.300       -6.319       77.977        117.097
  2   6        -7.665       76.481       117.302       -5.800       -7.270       76.712        117.282
  2   7        -4.906       92.304       118.422       -5.700       -4.836       92.000        118.103
  2   8        -4.502       92.060       118.334       -5.800       -4.464       91.755        118.005
  2   9        -7.992       75.422       117.567       -5.500       -7.647       75.684        117.573
  2   10         0.198       59.621       118.426       -5.500        0.398       59.638        117.989
  2   11        -0.377       57.194       117.501       -5.500       -0.513       56.796        117.440
  2   12        -7.142       74.790       117.250       -5.900       -6.780       75.030        117.243
  2   13        -7.071       77.123       117.176       -5.700       -6.707       77.354        117.183
  2   14        -6.392       77.422       117.210       -5.300       -6.073       77.708        117.234
  2   15        -3.675       91.487       118.157       -5.500       -3.898       91.783        118.388
  2   16        -8.183       75.304       117.876       -5.600       -7.817       75.514        117.854
  2   17        -7.443       76.002       117.532       -6.000       -7.093       76.241        117.592
  2   18        -8.089       75.821       117.237       -5.600       -7.781       76.126        117.260
  2   19        -7.765       74.900       117.460       -5.400       -8.119       75.090        117.598
  2   20         0.150       57.253       117.345       -5.400       -0.055       56.961        117.125
  2   21        -4.773       75.565       117.077       -5.300       -4.715       75.891        117.331
  2   22        -4.728       91.662       118.328       -5.500       -5.106       91.814        118.577
  2   23        -6.614       79.989       117.481       -5.700       -6.523       80.425        117.624
  2   24        -0.783       57.445       118.542       -6.200       -0.739       57.044        118.382
  2   25        -4.445       92.438       117.885       -5.700       -4.767       92.635        118.068
  2   26        -6.146       78.124       117.080       -5.700       -6.553       78.199        117.300
  2   27        -7.094       77.183       117.399       -6.300       -6.730       77.404        117.455
  2   28        -4.300       91.202       117.660       -5.500       -4.497       91.599        117.850
  2   29        -6.241       92.335       117.710       -6.100       -5.929       92.051        117.491
  2   30        -0.605       57.507       118.274       -5.900       -0.535       57.074        118.154
  2   31        -7.255       75.537       117.199       -5.700       -6.907       75.811        117.313
  2   32        -7.260       76.592       117.250       -5.700       -6.862       76.825        117.238
  2   33        -6.342       74.623       117.569       -6.000       -6.299       75.078        117.653
  2   34        -7.034       76.435       116.977       -6.200       -6.613       76.637        116.977
  2   35        -7.584       76.399       117.018       -6.100       -7.203       76.595        116.996
  2   36        -5.911       92.551       118.242       -5.700       -5.484       92.581        118.214
  2   37        -5.827       92.481       118.635       -5.600       -5.528       92.756        118.747
  2   38        -7.390       76.555       117.306       -6.000       -7.112       76.875        117.346
  2   39        -3.352       90.408       117.763       -5.500       -3.675       90.738        117.898
  2   40        -5.238       91.896       117.710       -5.500       -4.827       91.731        117.574
  2   41        -4.696       91.567       118.147       -5.400       -4.610       91.346        117.733
  2   42        -7.117       76.647       117.194       -5.700       -6.749       76.874        117.169
  2   43        -5.757       92.392       117.580       -5.400       -5.358       92.272        117.495
  2   44        -5.292       93.033       117.500       -5.400       -4.978       92.711        117.380
  2   45        -5.681       93.674       117.822       -5.600       -5.926       93.542        117.510
  2   46         0.912       59.087       119.200       -5.400        1.284       58.872        119.226
  2   47        -1.536       59.161       118.590       -5.500       -1.570       59.221        119.013
  2   48        -0.595       58.892       119.582       -5.200       -0.160       58.749        119.466
  2   49        -5.153       92.129       117.585       -5.000       -4.746       91.880        117.570
  2   50        -5.570       92.727       117.136       -5.500       -5.825       92.614        116.770
  2   51        -4.424       92.093       117.515       -5.300       -4.340       91.779        117.192
  2   52        -5.172       92.919       117.885       -5.600       -5.561       93.204        117.926
  2   53        -1.511       60.059       119.717       -5.100       -1.709       60.119        120.070
  2   54        -6.027       78.582       116.913       -5.300       -5.781       78.954        117.099
  2   55        -0.676       57.660       118.980       -5.500       -0.548       57.234        118.884
  2   56        -0.285       59.107       119.009       -5.600       -0.071       58.883        118.664
  2   57        -0.904       58.751       118.761       -5.600       -0.725       58.377        118.783
  2   58         0.362       59.417       118.939       -5.600        0.556       59.563        118.540
  2   59         0.043       59.517       119.523       -5.600       -0.304       59.559        119.767
  2   60        -7.293       78.462       118.797       -5.500       -7.414       78.867        118.927
  2   61        -5.040       75.121       117.218       -5.800       -5.014       75.467        117.440
  2   62         0.587       60.232       119.329       -6.000        0.711       60.158        118.898
  2   63        -7.974       75.764       117.706       -5.800       -8.258       75.557        117.962
  2   64        -4.751       92.189       117.591       -5.600       -5.093       92.536        117.595
  2   65        -5.845       92.216       118.305       -5.400       -5.421       92.239        118.326
  2   66        -8.778       75.598       118.020       -5.700       -8.558       75.970        118.098
  2   67        -8.840       75.734       117.846       -5.300       -9.256       75.805        117.940
  2   68        -8.202       75.698       117.725       -5.600       -8.156       76.118        117.936
  2   69        -6.463       93.467       117.880       -5.400       -6.036       93.468        117.852
  2   70        -4.516       92.146       117.747       -5.700       -4.816       92.517        117.845
  2   71        -5.931       92.704       118.208       -5.500       -5.505       92.704        118.208
  2   72        -5.178       92.415       118.108       -5.700       -5.548       92.651        118.163
  2   73        -5.845       92.991       117.928       -5.500       -5.417       92.941        117.903
  2   74        -5.414       92.244       117.662       -5.900       -5.029       92.081        117.579
  2   75        -5.867       93.252       118.312       -5.200       -5.389       93.241        118.294
  2   76        -7.728       75.867       117.208       -5.900       -7.380       76.115        117.199
  2   77        -5.025       92.450       117.834       -5.400       -5.332       92.675        118.088
  2   78        -6.722       76.681       117.129       -5.900       -6.705       77.095        117.271
  2   79        -6.170       93.127       118.166       -5.600       -5.742       93.153        118.155
  2   80        -6.183       93.469       118.180       -5.400       -5.715       93.406        118.194
  2   81        -6.632       78.549       117.105       -5.400       -6.342       78.852        117.304
  2   82        -5.117       92.453       117.670       -5.400       -5.407       92.686        117.895
  2   83         0.011       59.299       119.145       -5.600       -0.004       59.345        119.557
  2   84        -4.688       91.761       118.279       -6.000       -5.188       91.871        118.370
  2   85        -4.215       91.642       117.443       -5.500       -3.830       91.446        117.357
  2   86        -0.415       60.699       120.325       -5.500       -0.139       60.476        120.045
  2   87        -5.974       77.654       117.433       -5.600       -5.708       77.933        117.721
  2   88        -1.445       59.748       119.777       -5.400       -1.512       59.647        120.178
  2   89        -5.036       92.096       117.963       -5.300       -4.659       91.975        117.834
  2   90        -2.599       58.778       119.287       -5.500       -2.489       59.075        119.552
  2   91        -1.780       60.175       120.406       -5.200       -1.434       60.347        120.553
  2   92        -4.109       91.862       117.781       -5.700       -4.427       92.177        117.961
  2   93        -5.636       92.609       118.296       -5.400       -5.214       92.547        118.245
  2   94        -1.599       59.688       120.307       -5.500       -2.039       59.748        120.433
  2   95        -5.309       92.368       118.020       -5.500       -5.648       92.565        118.175
  2   96        -6.852       75.457       117.002       -5.700       -6.438       75.329        116.810
  2   97        -8.381       75.991       118.049       -6.000       -8.107       76.351        118.043
  2   98        -7.875       75.053       117.569       -5.800       -8.312       75.230        117.612
  2   99        -5.765       92.660       118.260       -5.400       -5.341       92.682        118.219
  2   100        -8.106       76.338       117.714       -5.800       -7.897       76.701        117.820
  2   101        -7.343       76.326       117.052       -5.900       -7.033       76.624        117.102
  2   102        -7.449       76.068       117.475       -5.600       -7.202       76.445        117.572
  2   103        -5.979       93.029       118.333       -5.400       -5.550       93.015        118.279
  2   104        -5.317       92.538       117.792       -5.500       -5.676       92.780        117.890
  2   105        -7.948       75.825       117.716       -5.400       -7.577       76.040        117.668
  2   106        -6.051       92.770       117.751       -5.600       -6.423       92.994        117.836
  2   107        -7.433       75.331       117.382       -5.500       -7.058       75.545        117.426
  2   108        -5.403       92.457       117.684       -5.800       -5.013       92.314        117.572
  2   109        -5.696       92.668       117.862       -5.500       -5.910       93.048        117.906
  2   110        -7.804       76.289       117.448       -6.000       -7.415       76.532        117.431
  2   111        -7.677       75.895       117.826       -5.100       -7.463       76.256        117.890
  2   112        -5.410       92.226       117.914       -5.700       -5.754       92.446        118.027
  2   113        -9.663       74.102       118.442       -5.900       -9.430       74.449        118.224
  2   114        -8.920       74.054       117.367       -5.900       -9.268       74.037        117.637
  2   115        -8.952       74.426       117.577       -6.100       -9.298       74.402        117.848
  2   116        -9.166       73.755       117.705       -6.200       -9.569       73.777        117.898
  2   117        -6.192       75.263       117.011       -5.600       -5.790       75.168        116.910
  2   118        -7.382       77.193       117.452       -6.000       -7.091       77.500        117.528
  2   119        -7.867       74.681       117.560       -5.700       -7.823       74.939        117.882
  2   120        -7.425       77.060       117.320       -6.300       -7.101       77.334        117.383
  2   121        -7.478       77.133       117.246       -6.100       -7.144       77.397        117.237
  2   122        -6.116       93.157       118.167       -5.800       -5.639       93.146        118.180
  2   123        -6.844       75.624       117.422       -6.000       -6.828       75.936        117.700
  2   124        -7.778       75.928       117.481       -5.900       -7.500       76.238        117.583
  2   125        -3.780       91.898       117.660       -5.400       -4.113       92.154        117.824
  2   126        -6.949       77.897       117.037       -6.000       -6.592       78.158        117.176
  2   127        -5.932       76.200       116.953       -5.700       -5.826       76.600        117.052


  3   1        -6.720       77.442       117.148       -5.500       -6.395       77.717        117.164
  3   2        -4.720       74.996       116.097       -5.700       -4.287       75.048        116.168
  3   3        -5.047       74.748       116.276       -5.800       -4.631       74.844        116.375
  3   4        -7.407       74.774       117.417       -5.900       -7.083       75.004        117.318
  3   5        -6.552       77.700       117.048       -5.300       -6.261       78.043        117.078
  3   6        -6.543       75.228       117.297       -5.600       -6.533       75.538        117.577
  3   7        -2.306       75.553       115.845       -5.200       -1.983       75.898        115.843
  3   8        -0.129       57.564       117.443       -5.400       -0.339       57.202        117.363
  3   9        -6.985       75.006       116.596       -5.400       -6.959       75.455        116.666
  3   10        -7.062       77.720       117.105       -5.900       -7.233       77.310        117.271
  3   11        -7.800       74.490       117.638       -5.400       -8.199       74.756        117.627
  3   12        -7.169       74.782       117.258       -5.900       -6.809       75.027        117.250
  3   13        -7.060       77.098       117.157       -5.700       -6.698       77.332        117.166
  3   14        -4.895       75.925       116.625       -5.500       -4.477       76.167        116.635
  3   15        -3.660       91.451       118.143       -5.500       -3.892       91.749        118.376
  3   16        -3.666       74.459       116.402       -5.700       -3.241       74.460        116.516
  3   17        -7.451       76.028       117.557       -5.900       -7.101       76.263        117.620
  3   18        -7.527       75.316       116.673       -5.800       -7.563       75.712        116.843
  3   19        -7.566       75.259       117.063       -6.200       -7.686       75.676        117.168
  3   20        -4.165       91.358       117.840       -5.300       -4.480       91.489        118.100
  3   21        -7.152       76.177       117.521       -5.600       -6.949       76.538        117.602
  3   22        -7.285       75.111       117.183       -5.500       -7.206       75.459        117.431
  3   23         1.746       88.951       115.421       -6.000        2.060       89.240        115.611
  3   24        -1.873       76.585       115.753       -5.400       -1.588       76.964        115.763
  3   25        -4.137       92.124       117.797       -5.700       -4.457       92.334        117.986
  3   26        -6.423       77.085       116.718       -5.900       -6.150       77.388        116.821
  3   27        -7.180       77.455       117.452       -6.300       -6.805       77.654        117.519
  3   28        -3.620       74.834       116.379       -6.100       -3.191       74.898        116.476
  3   29        -6.685       75.283       116.819       -6.400       -6.607       75.650        117.126
  3   30        -0.513       58.299       118.410       -5.900       -0.893       58.082        118.525
  3   31        -7.294       75.576       117.217       -5.700       -6.948       75.812        117.311
  3   32        -7.256       76.731       117.248       -5.700       -6.867       76.962        117.230
  3   33        -6.469       74.787       117.637       -6.000       -6.401       75.249        117.732
  3   34        -7.021       76.433       116.984       -6.300       -6.599       76.636        116.989
  3   35        -7.460       75.487       116.508       -6.200       -7.412       75.880        116.694
  3   36        -4.532       91.190       117.449       -6.000       -4.817       91.512        117.633
  3   37        -7.057       76.453       117.177       -5.800       -6.775       76.756        117.264
  3   38        -7.128       77.246       117.083       -5.900       -6.853       77.569        117.140
  3   39        -6.204       76.091       116.790       -5.700       -6.516       76.302        117.023
  3   40        -5.228       91.745       117.662       -5.500       -4.839       91.616        117.551
  3   41        -4.729       91.401       117.930       -5.700       -5.089       91.560        118.132
  3   42        -6.786       76.167       116.640       -5.900       -6.702       76.585        116.768
  3   43        -5.759       92.423       117.553       -5.400       -5.359       92.301        117.475
  3   44        -0.627       57.711       117.739       -5.600       -0.500       57.331        117.779
  3   45        -0.632       57.993       118.490       -5.600       -0.228       58.004        118.355
  3   46        -2.024       76.428       115.721       -5.300       -1.721       76.789        115.685
  3   47        -4.615       91.307       117.166       -6.000       -4.528       91.711        117.389
  3   48        -2.224       76.367       116.167       -5.100       -2.012       76.727        116.048
  3   49        -2.531       76.253       114.587       -5.600       -2.176       76.029        114.548
  3   50        -5.304       91.439       116.157       -5.900       -5.756       91.451        116.040
  3   51        -2.655       75.673       116.236       -5.700       -2.333       75.947        116.055
  3   52        -5.054       92.760       117.753       -5.800       -5.445       93.046        117.814
  3   53        -0.626       58.785       118.011       -5.500       -0.577       58.370        118.059
  3   54        -5.926       92.644       117.717       -5.600       -6.110       93.031        117.725
  3   55        -5.427       92.825       117.700       -5.600       -5.819       93.109        117.740
  3   56        -7.184       77.508       117.201       -5.500       -7.384       77.107        117.345
  3   57        -7.125       75.131       116.928       -6.500       -7.036       74.714        116.923
  3   58         0.345       58.358       118.382       -5.700        0.528       58.614        118.014
  3   59        -3.131       75.868       116.151       -5.600       -2.692       75.852        116.282
  3   60        -4.579       90.218       116.627       -5.700       -5.065       90.256        116.588
  3   61        -5.807       75.076       117.607       -6.100       -5.792       75.468        117.775
  3   62        -7.861       75.861       118.075       -5.900       -7.675       76.129        117.733
  3   63        -7.481       75.723       117.228       -6.100       -7.527       76.132        117.327
  3   64        -4.821       92.249       117.472       -5.600       -5.158       92.590        117.509
  3   65        -6.778       75.115       116.502       -5.800       -6.746       74.694        116.567
  3   66        -7.538       76.011       117.325       -5.900       -7.410       76.365        117.524
  3   67        -7.952       76.421       117.071       -5.800       -7.850       76.804        117.221
  3   68        -7.906       75.515       117.194       -6.100       -7.868       75.949        117.363
  3   69        -5.023       92.038       117.098       -5.600       -5.237       92.456        117.215
  3   70        -4.492       92.112       117.816       -5.700       -4.790       92.491        117.899
  3   71        -5.694       92.173       117.768       -5.500       -5.298       92.039        117.829
  3   72        -5.302       92.055       117.927       -5.700       -5.625       92.313        118.040
  3   73        -7.987       75.389       117.216       -5.600       -7.976       75.845        117.373
  3   74        -5.574       92.189       117.618       -5.900       -5.181       92.031        117.546
  3   75        -2.952       75.783       116.088       -5.700       -2.517       75.775        116.226
  3   76        -7.834       75.673       117.202       -6.000       -7.486       75.917        117.183
  3   77        -2.838       76.150       115.372       -6.100       -2.410       76.075        115.432
  3   78        -2.841       76.748       115.394       -6.200       -2.451       76.593        115.455
  3   79        -6.162       93.039       118.091       -5.700       -5.733       93.044        118.082
  3   80        -6.178       93.414       118.175       -5.100       -5.762       93.369        118.206
  3   81        -3.453       76.040       115.670       -6.300       -3.011       76.039        115.774
  3   82        -5.334       92.036       118.175       -5.900       -5.744       92.223        117.987
  3   83        -5.653       92.538       117.655       -5.600       -6.007       92.756        117.751
  3   84        -4.668       91.755       118.316       -5.500       -5.162       91.863        118.415
  3   85        -15.914       66.962       115.638       -5.600       -15.925       66.528        115.505
  3   86        -2.746       77.014       115.460       -5.800       -2.297       76.834        115.452
  3   87        -6.011       77.188       117.228       -5.800       -5.722       77.451        117.491
  3   88        -6.533       78.019       117.277       -5.500       -6.910       77.769        117.274
  3   89        -2.935       76.561       115.488       -5.600       -2.517       76.418        115.549
  3   90        -4.140       91.177       116.997       -5.500       -4.255       91.563        117.215
  3   91        -2.662       76.236       115.911       -5.400       -2.306       76.422        115.676
  3   92        -2.793       76.836       115.331       -5.700       -2.370       76.743        115.426
  3   93        -5.689       92.571       118.260       -5.400       -5.268       92.513        118.210
  3   94        -3.070       77.825       115.564       -5.400       -2.697       77.637        115.632
  3   95        -2.808       76.819       115.274       -5.800       -2.419       76.658        115.313
  3   96        -6.484       76.346       116.651       -5.800       -6.293       76.654        116.847
  3   97        -8.507       75.883       118.056       -6.000       -8.218       76.204        118.039
  3   98        -6.955       74.946       117.493       -6.100       -6.596       75.077        117.786
  3   99        -2.792       76.873       115.378       -5.600       -2.331       76.743        115.434
  3   100        -8.253       75.938       117.610       -5.800       -7.997       76.283        117.668
  3   101        -7.321       76.376       117.015       -6.000       -7.010       76.668        117.072
  3   102        -7.393       76.103       117.519       -5.500       -7.120       76.429        117.592
  3   103        -2.577       76.983       114.396       -5.900       -2.169       76.960        114.632
  3   104        -5.740       92.660       117.875       -5.600       -5.300       92.595        117.778
  3   105        -5.502       91.611       117.842       -5.600       -5.140       91.431        117.798
  3   106        -5.669       92.147       117.652       -5.700       -5.969       92.320        117.899
  3   107        -7.372       75.423       117.447       -5.400       -6.996       75.633        117.505
  3   108        -5.403       92.457       117.685       -5.800       -5.012       92.315        117.573
  3   109        -4.468       92.346       118.372       -5.300       -4.889       92.394        118.315
  3   110        -7.807       76.280       117.452       -6.000       -7.418       76.524        117.433
  3   111         3.689       89.484       115.745       -5.300        4.052       89.660        115.498
  3   112        -5.358       92.311       117.895       -5.800       -5.701       92.526        118.014
  3   113        -8.781       74.500       117.523       -5.700       -9.048       74.594        117.850
  3   114        -7.814       74.330       116.862       -6.200       -7.469       74.225        117.076
  3   115        -8.985       74.493       117.582       -6.100       -9.330       74.483        117.850
  3   116        -9.197       73.763       117.728       -6.200       -9.601       73.783        117.917
  3   117        -14.966       66.714       115.500       -5.900       -15.059       66.308        115.306
  3   118        -7.152       77.260       117.365       -6.100       -6.876       77.589        117.518
  3   119        -7.972       75.149       117.162       -5.900       -7.937       75.487        117.417
  3   120        -7.884       76.427       117.093       -6.500       -7.502       76.712        117.138
  3   121        -7.492       76.910       117.192       -6.200       -7.184       77.213        117.207
  3   122        -7.353       75.692       116.848       -5.900       -7.277       76.082        117.063
  3   123        -6.916       75.652       117.313       -6.000       -6.887       75.954        117.597
  3   124        -8.101       75.764       117.586       -6.000       -7.844       76.087        117.700
  3   125        -3.654       91.345       117.446       -5.800       -3.976       91.614        117.634
  3   126        -7.114       77.857       116.940       -6.200       -6.758       78.080        117.037
  3   127        -7.066       75.573       116.796       -5.800       -7.451       75.823        116.980


  4   1         0.070       83.696       112.332       -6.300        0.034       83.295        112.085
  4   2         1.866       84.305       112.451       -5.600        1.718       84.579        112.746
  4   3         1.062       82.815       111.058       -6.200        0.791       82.502        111.184
  4   4         1.313       82.689       111.154       -6.400        1.049       82.370        111.283
  4   5         2.048       86.834       113.255       -6.200        2.255       87.122        113.541
  4   6         0.670       82.584       111.518       -6.500        0.842       82.230        111.249
  4   7         1.051       82.821       111.230       -6.100        0.795       82.489        111.350
  4   8         0.383       82.288       111.851       -6.300        0.524       81.984        111.528
  4   9         2.101       84.297       110.882       -5.700        1.909       83.868        110.805
  4   10         2.651       86.017       112.619       -5.800        2.607       85.795        113.008
  4   11         1.317       82.962       111.325       -6.000        1.043       82.657        111.425
  4   12         1.128       82.616       111.382       -6.200        0.867       82.291        111.499
  4   13        -0.440       84.311       112.758       -5.900       -0.413       83.938        112.483
  4   14         0.630       82.804       111.781       -6.200        0.782       82.511        111.529
  4   15         0.653       82.355       111.654       -6.000        0.790       82.037        111.369
  4   16         0.975       83.037       111.690       -6.200        1.200       82.663        111.519
  4   17         3.515       85.720       112.567       -6.100        3.454       85.575        112.942
  4   18        -0.429       83.606       112.494       -5.600       -0.449       83.212        112.239
  4   19        -0.220       83.645       112.493       -5.900       -0.248       83.297        112.170
  4   20         0.641       82.370       111.939       -6.000        0.771       82.096        111.662
  4   21         1.164       86.208       113.141       -5.800        1.447       86.334        113.506
  4   22         1.215       82.733       111.314       -6.100        0.924       82.450        111.474
  4   23         1.261       82.699       110.833       -6.200        0.875       82.432        110.649
  4   24         0.563       82.531       111.975       -6.100        0.722       82.278        111.671
  4   25         0.997       82.482       111.151       -6.200        0.721       82.183        111.290
  4   26         0.978       85.209       112.735       -6.100        0.945       85.502        113.113
  4   27         0.518       82.486       112.082       -6.000        0.684       82.251        111.758
  4   28         3.033       87.654       113.802       -5.800        3.458       87.668        113.578
  4   29        -6.653       75.700       116.814       -6.100       -6.673       75.963        117.129
  4   30         1.802       83.997       111.746       -6.000        1.722       83.708        111.431
  4   31         2.087       83.817       113.005       -5.800        2.077       83.940        113.467
  4   32         1.909       84.347       110.817       -5.800        1.788       83.940        110.718
  4   33        -7.339       76.089       117.482       -5.900       -6.923       76.336        117.519
  4   34        -6.188       75.492       116.582       -6.300       -6.141       75.906        116.682
  4   35         0.307       82.113       111.800       -6.000        0.445       81.825        111.480
  4   36         0.669       82.910       111.647       -6.000        0.516       82.518        111.422
  4   37         0.419       82.236       111.919       -6.200        0.562       81.965        111.624
  4   38        -0.394       83.471       112.257       -6.100       -0.438       83.060        111.993
  4   39         1.209       85.543       112.848       -5.900        1.287       85.822        113.206
  4   40         0.508       82.377       112.131       -6.100        0.650       82.112        111.825
  4   41         2.346       85.856       112.397       -5.600        2.247       85.634        112.755
  4   42         1.918       84.010       111.001       -6.000        1.828       83.612        110.883
  4   43         3.141       86.588       114.392       -5.500        3.230       86.449        114.795
  4   44         2.940       86.138       112.674       -6.200        3.050       85.856        112.986
  4   45         0.973       82.842       111.419       -6.200        0.703       82.520        111.523
  4   46        -2.782       79.302       114.187       -5.500       -2.658       78.940        113.916
  4   47         0.693       82.553       111.464       -6.000        0.532       82.118        111.335
  4   48         1.787       84.658       111.691       -5.600        1.698       84.247        111.615
  4   49        -2.633       76.253       114.371       -5.800       -2.270       76.044        114.332
  4   50         2.734       86.139       112.328       -5.900        2.451       86.123        112.704
  4   51         0.648       82.151       111.854       -6.600        0.771       81.881        111.493
  4   52        -2.981       75.829       114.980       -5.600       -2.579       75.860        115.138
  4   53         2.379       84.820       112.695       -5.800        2.119       84.645        113.044
  4   54        -2.731       76.593       115.004       -6.000       -2.324       76.489        115.126
  4   55         1.996       83.676       111.553       -6.400        1.902       83.343        111.286
  4   56         1.047       82.943       110.751       -6.100        0.698       82.769        110.881
  4   57         2.031       84.508       111.050       -6.200        1.949       84.106        110.875
  4   58         2.798       85.516       112.590       -5.700        2.796       85.253        112.942
  4   59         3.168       84.755       113.039       -6.100        3.112       84.721        113.471
  4   60         0.370       82.124       111.797       -6.400        0.497       81.839        111.442
  4   61         0.513       82.174       111.842       -6.100        0.667       81.897        111.528
  4   62         0.123       83.339       112.304       -6.100        0.426       83.143        111.989
  4   63        -7.578       75.621       117.464       -5.800       -7.891       75.427        117.693
  4   64         1.567       83.841       112.112       -5.700        1.670       83.987        112.501
  4   65         1.702       83.907       111.259       -6.000        1.583       83.473        111.199
  4   66         1.953       84.059       111.239       -6.100        1.798       83.614        111.160
  4   67         2.968       83.955       111.289       -5.700        3.254       84.029        111.581
  4   68         1.449       82.923       110.913       -6.200        1.121       82.708        111.008
  4   69         0.696       82.229       111.622       -6.100        0.869       81.864        111.380
  4   70        -15.611       66.718       115.615       -5.900       -15.673       66.305        115.408
  4   71         1.077       82.422       111.767       -5.800        0.837       82.107        111.539
  4   72         0.644       81.174       111.071       -6.100        0.372       81.242        111.436
  4   73         0.604       82.395       111.534       -5.700        0.375       82.023        111.331
  4   74         2.685       85.838       112.290       -6.100        2.626       85.676        112.659
  4   75         0.886       81.717       111.146       -6.300        0.509       81.759        111.440
  4   76        -7.804       75.587       117.200       -6.000       -7.458       75.834        117.167
  4   77        -2.793       76.236       115.210       -6.200       -2.386       76.114        115.263
  4   78         2.441       86.883       112.533       -6.200        2.460       86.665        112.871
  4   79         1.320       83.787       110.735       -6.400        1.077       83.462        110.815
  4   80         1.721       84.057       111.003       -5.900        1.605       83.649        110.928
  4   81        -3.463       76.042       115.665       -6.300       -3.020       76.040        115.766
  4   82         1.528       84.784       111.721       -5.800        1.448       84.394        111.526
  4   83         0.670       82.949       111.831       -6.300        1.019       82.761        111.943
  4   84         2.743       85.873       111.725       -6.100        2.788       86.266        111.903
  4   85        -15.975       66.794       115.545       -5.900       -16.008       66.357        115.440
  4   86         2.753       85.348       111.575       -5.900        3.075       85.057        111.747
  4   87         0.893       82.142       111.658       -5.900        1.038       81.814        111.367
  4   88         2.050       84.113       110.972       -6.200        1.883       83.659        110.919
  4   89         1.583       83.103       110.617       -6.400        1.204       82.954        110.726
  4   90         1.219       82.826       110.828       -6.200        0.850       82.663        110.961
  4   91         1.314       82.890       111.078       -5.900        0.941       82.744        111.225
  4   92         1.399       83.088       110.983       -6.000        1.046       82.914        111.145
  4   93         0.672       82.518       111.655       -5.800        0.452       82.152        111.440
  4   94         1.157       83.464       111.054       -6.300        0.846       83.207        111.114
  4   95        -2.739       75.804       114.881       -5.800       -2.336       75.787        115.030
  4   96        -6.825       75.374       116.949       -5.800       -6.438       75.275        116.777
  4   97        -7.840       75.591       117.769       -5.800       -7.517       75.878        117.760
  4   98        -7.558       75.053       117.369       -5.900       -8.009       75.253        117.447
  4   99         2.739       86.626       112.587       -6.200        2.805       86.417        112.932
  4   100         1.864       84.114       111.062       -6.000        1.735       83.649        111.010
  4   101        -3.091       76.034       114.970       -6.300       -2.619       76.107        115.119
  4   102         1.312       83.556       110.597       -6.400        1.066       83.237        110.703
  4   103         2.999       85.295       111.613       -6.300        3.012       85.667        111.828
  4   104         1.392       83.066       110.914       -6.600        1.052       82.879        111.029
  4   105         1.937       85.018       112.711       -5.700        1.828       84.852        112.317
  4   106         2.968       85.309       112.440       -5.900        2.744       85.204        112.832
  4   107         0.429       82.615       111.600       -5.900        0.731       82.245        111.525
  4   108         2.301       83.706       112.855       -5.600        2.405       83.800        113.284
  4   109         0.992       82.362       111.582       -5.900        0.771       82.000        111.368
  4   110        -7.801       76.290       117.445       -6.000       -7.411       76.527        117.427
  4   111         3.374       89.253       115.237       -5.800        3.736       89.448        115.065
  4   112         3.314       85.743       113.228       -5.500        3.029       85.704        112.851
  4   113        -8.702       74.474       117.528       -5.600       -8.961       74.564        117.863
  4   114        -8.719       73.706       117.159       -5.900       -9.075       73.763        117.401
  4   115         1.611       84.369       111.097       -6.200        1.388       83.990        110.990
  4   116         1.842       84.643       111.350       -5.800        1.687       84.260        111.189
  4   117        -14.984       66.747       115.453       -5.900       -15.065       66.354        115.303
  4   118        -7.176       77.270       117.366       -6.000       -6.901       77.599        117.504
  4   119        -8.690       75.018       117.717       -5.700       -8.499       75.313        117.953
  4   120        -7.416       77.104       117.317       -6.300       -7.088       77.374        117.375
  4   121         2.358       84.028       110.970       -6.200        2.222       83.624        110.892
  4   122         1.924       84.199       111.138       -6.400        1.798       83.757        111.058
  4   123         0.313       82.075       111.488       -6.300        0.478       81.704        111.243
  4   124        -5.043       74.984       114.787       -6.100       -4.632       75.169        114.790
  4   125         2.444       86.211       112.735       -5.900        2.363       86.105        113.194
  4   126        -7.027       77.787       116.965       -6.200       -6.669       78.049        117.094
  4   127         3.379       85.331       112.612       -6.300        3.111       85.345        112.978


  5   1         0.832       82.465       110.787       -6.600        0.937       82.103        110.558
  5   2         1.248       84.539       111.450       -6.400        1.281       84.822        111.817
  5   3         0.960       82.481       110.340       -6.700        0.722       82.206        110.533
  5   4         1.158       82.524       110.919       -6.600        0.894       82.208        111.064
  5   5         0.649       82.304       110.752       -6.600        0.770       81.964        110.494
  5   6         0.739       82.539       111.365       -6.700        0.912       82.187        111.111
  5   7         0.708       82.758       110.892       -6.500        0.465       82.426        111.043
  5   8         0.556       83.077       110.647       -6.600        0.329       82.728        110.776
  5   9         0.335       82.502       110.707       -6.300        0.480       82.201        110.465
  5   10         0.913       81.824       111.082       -6.500        0.657       81.513        110.800
  5   11         1.334       82.919       110.960       -6.300        1.070       82.601        111.082
  5   12         1.131       82.690       110.881       -6.600        0.895       82.362        111.055
  5   13         0.276       83.108       110.770       -6.400        0.209       82.701        110.975
  5   14         1.157       83.148       110.814       -6.600        0.924       82.809        110.969
  5   15        -0.167       82.650       111.240       -6.500       -0.305       82.289        111.456
  5   16         0.702       82.450       111.305       -6.600        0.813       82.096        111.112
  5   17         1.284       82.612       110.752       -7.000        1.011       82.255        110.698
  5   18         1.543       83.722       110.392       -5.900        1.238       83.522        110.573
  5   19         0.575       82.976       110.503       -6.600        0.634       82.880        110.005
  5   20         1.627       82.505       110.829       -6.100        1.312       82.222        110.901
  5   21         0.182       82.853       110.245       -6.500        0.488       82.785        109.886
  5   22         1.051       83.077       110.859       -6.500        0.835       82.708        111.010
  5   23         0.497       82.101       110.914       -6.600        0.592       81.746        110.634
  5   24         1.350       83.095       110.714       -6.500        1.128       82.737        110.822
  5   25         0.534       82.330       110.986       -6.700        0.695       82.025        110.768
  5   26         0.952       82.820       111.017       -6.200        0.733       82.452        111.058
  5   27         1.524       83.147       110.701       -6.300        1.258       82.815        110.755
  5   28         0.646       82.283       110.978       -6.700        0.790       81.992        110.724
  5   29         0.436       82.468       110.998       -6.500        0.538       82.135        110.738
  5   30         0.663       82.268       110.764       -6.600        0.808       81.962        110.525
  5   31         0.400       82.295       110.940       -7.000        0.543       81.932        110.699
  5   32         0.527       82.367       111.180       -7.200        0.718       82.055        110.978
  5   33         1.145       83.389       110.684       -6.600        0.966       83.025        110.762
  5   34         0.570       82.188       111.162       -6.300        0.710       81.836        110.900
  5   35         0.967       82.554       110.524       -6.700        0.717       82.220        110.658
  5   36         1.095       83.299       110.439       -6.500        0.916       82.926        110.492
  5   37         0.374       82.272       110.887       -6.700        0.521       81.965        110.664
  5   38         1.723       84.636       110.977       -6.500        1.569       84.244        110.788
  5   39         0.706       84.308       111.464       -6.500        0.697       84.594        111.849
  5   40         0.932       82.685       111.007       -6.400        0.694       82.336        111.112
  5   41         0.557       82.212       110.972       -6.700        0.715       81.864        110.737
  5   42         0.635       82.391       111.034       -6.800        0.807       82.075        110.835
  5   43         0.848       82.029       111.000       -6.500        0.586       81.684        110.776
  5   44         0.542       82.437       111.020       -6.600        0.656       82.092        110.765
  5   45         0.792       82.949       110.990       -6.600        0.539       82.617        111.115
  5   46         0.593       82.412       110.942       -6.900        0.692       82.131        110.655
  5   47         0.899       82.030       111.095       -6.500        0.671       81.666        110.899
  5   48         0.967       81.937       111.008       -6.700        0.718       81.605        110.755
  5   49         0.626       82.115       110.627       -6.700        0.738       81.785        110.333
  5   50         0.711       83.661       111.091       -6.500        0.565       83.282        111.238
  5   51         0.630       82.266       111.397       -6.800        0.741       81.964        111.067
  5   52         1.202       83.732       110.633       -6.800        0.939       83.441        110.718
  5   53         1.025       83.579       110.403       -7.200        0.748       83.257        110.526
  5   54         1.168       83.419       110.302       -6.900        0.934       83.105        110.428
  5   55         0.528       82.007       111.236       -6.800        0.652       81.629        111.036
  5   56         1.081       83.577       110.628       -6.700        0.811       83.259        110.749
  5   57         1.096       83.634       110.609       -6.700        0.833       83.318        110.786
  5   58         0.928       81.713       110.869       -6.600        1.034       81.318        110.624
  5   59         1.048       83.582       110.312       -7.000        0.782       83.267        110.454
  5   60         0.197       82.055       110.814       -6.700        0.319       81.762        110.560
  5   61         0.421       81.812       110.848       -6.900        0.514       81.448        110.579
  5   62         1.029       82.871       111.210       -6.600        0.974       83.273        111.248
  5   63         0.907       81.719       111.085       -6.500        0.663       81.385        110.845
  5   64         0.475       82.106       110.966       -6.900        0.589       81.770        110.684
  5   65         0.394       81.677       111.367       -6.500        0.543       81.294        111.126
  5   66         1.428       83.375       110.342       -6.700        1.150       83.071        110.475
  5   67         1.402       83.538       110.503       -6.500        1.130       83.212        110.631
  5   68         2.113       83.093       110.903       -6.300        1.739       82.931        110.901
  5   69         1.625       82.944       110.598       -6.400        1.321       82.735        110.743
  5   70         1.914       83.418       110.750       -6.600        1.583       83.197        110.773
  5   71         0.807       82.427       111.302       -6.500        0.579       82.096        111.019
  5   72         1.909       82.809       110.819       -6.300        1.531       82.644        110.856
  5   73         1.380       83.695       111.042       -6.600        1.385       84.013        111.338
  5   74         2.657       83.961       111.250       -6.500        2.346       83.933        111.585
  5   75         1.222       83.365       110.669       -6.700        0.953       83.052        110.816
  5   76         1.364       83.635       110.505       -6.700        1.112       83.314        110.638
  5   77         1.943       84.997       111.149       -6.300        1.840       84.568        110.987
  5   78         1.315       83.941       110.500       -7.000        1.076       83.630        110.684
  5   79         1.261       83.491       110.494       -6.800        0.994       83.171        110.626
  5   80         1.226       83.324       110.493       -6.800        0.994       82.996        110.659
  5   81         0.883       83.745       110.641       -6.900        0.619       83.425        110.776
  5   82         1.081       83.623       110.703       -6.700        0.842       83.287        110.828
  5   83         1.013       83.513       110.748       -6.800        0.749       83.179        110.874
  5   84         0.692       82.075       110.916       -6.600        0.798       81.708        110.669
  5   85         1.169       82.887       110.857       -6.100        0.972       82.668        111.146
  5   86         3.242       85.007       110.799       -6.500        3.495       84.720        111.034
  5   87         1.365       83.297       111.425       -6.400        1.394       83.641        111.679
  5   88         2.521       83.252       110.318       -6.400        2.310       83.404        109.938
  5   89         1.394       83.237       110.339       -6.900        1.070       83.047        110.503
  5   90         1.289       84.120       111.063       -6.500        1.263       84.442        111.352
  5   91         2.185       83.469       110.698       -6.400        1.716       83.451        110.588
  5   92         1.389       83.048       110.994       -6.100        1.030       82.879        111.156
  5   93         1.383       83.389       110.431       -6.600        1.088       83.178        110.622
  5   94         1.256       83.855       110.619       -6.600        0.963       83.547        110.764
  5   95         1.699       83.248       110.475       -6.400        1.350       83.048        110.589
  5   96         0.954       83.765       110.518       -6.800        0.717       83.440        110.697
  5   97         1.541       85.037       111.079       -6.900        1.452       84.656        110.880
  5   98         0.720       82.557       111.018       -6.600        0.835       82.179        110.823
  5   99         1.163       83.683       110.347       -7.000        0.935       83.381        110.498
  5   100         0.938       82.337       111.067       -6.400        0.688       81.967        110.879
  5   101         1.089       83.753       110.357       -6.800        0.815       83.443        110.512
  5   102         1.712       83.383       110.284       -6.800        1.398       83.169        110.439
  5   103         2.970       85.399       111.490       -6.400        2.984       85.757        111.724
  5   104         1.015       82.107       111.280       -6.900        1.143       81.705        111.077
  5   105         0.315       82.011       110.873       -6.800        0.453       81.674        110.583
  5   106         0.831       82.218       111.069       -6.600        0.914       81.829        110.812
  5   107         0.548       82.124       110.992       -6.400        0.673       81.778        110.734
  5   108         0.692       82.224       111.145       -6.700        0.443       81.884        110.901
  5   109         1.592       83.489       110.230       -6.600        1.321       83.161        110.318
  5   110         0.321       82.257       111.106       -6.700        0.465       81.894        110.886
  5   111         0.810       83.170       111.536       -6.800        1.129       82.897        111.593
  5   112         2.566       84.103       111.594       -6.500        2.353       84.044        112.021
  5   113         1.316       83.270       110.310       -6.500        1.049       82.940        110.445
  5   114         0.558       82.047       110.925       -6.600        0.704       81.718        110.685
  5   115         1.115       83.765       110.391       -7.000        0.842       83.438        110.474
  5   116         1.217       83.881       110.542       -6.700        0.956       83.558        110.653
  5   117         1.971       83.065       111.197       -6.300        1.844       82.938        111.568
  5   118         1.383       83.299       110.660       -6.500        1.149       82.933        110.734
  5   119         2.654       84.031       111.322       -6.700        2.432       83.899        111.644
  5   120         1.184       83.551       110.366       -7.000        0.921       83.218        110.491
  5   121         2.770       83.237       110.247       -6.700        2.505       83.297        109.847
  5   122         1.125       83.741       110.365       -6.700        0.845       83.435        110.504
  5   123         0.458       81.768       110.999       -6.500        0.568       81.363        110.766
  5   124         1.024       83.583       110.589       -6.900        0.771       83.253        110.750
  5   125         1.007       84.692       111.656       -6.600        1.103       84.995        111.938
  5   126        -0.119       83.071       111.078       -6.200       -0.174       82.652        111.248
  5   127         3.272       85.309       112.424       -6.400        2.996       85.323        112.801


  6   1         0.832       82.457       110.787       -6.600        0.936       82.097        110.558
  6   2         1.224       84.544       111.454       -6.400        1.260       84.827        111.823
  6   3         0.946       82.503       110.309       -6.700        0.706       82.229        110.499
  6   4         1.141       82.493       110.908       -6.600        0.879       82.176        111.053
  6   5         0.652       82.298       110.775       -6.600        0.769       81.955        110.514
  6   6         0.749       82.502       111.245       -6.700        0.923       82.142        111.005
  6   7         0.864       82.824       110.892       -6.500        0.620       82.487        111.026
  6   8         0.521       83.040       110.686       -6.600        0.293       82.686        110.804
  6   9         0.328       82.499       110.711       -6.300        0.477       82.201        110.470
  6   10         0.932       81.844       111.122       -6.400        0.678       81.527        110.853
  6   11         1.368       82.932       110.993       -6.300        1.104       82.611        111.106
  6   12         1.129       82.931       110.770       -6.400        0.887       82.601        110.915
  6   13         0.267       83.084       110.792       -6.400        0.198       82.682        111.002
  6   14         0.462       82.608       111.163       -6.600        0.606       82.283        110.955
  6   15         0.884       82.667       111.104       -6.600        0.962       82.251        110.897
  6   16         0.721       82.449       111.397       -6.600        0.826       82.066        111.184
  6   17         1.275       82.604       110.773       -7.100        1.001       82.252        110.724
  6   18         1.663       83.674       110.376       -6.000        1.347       83.471        110.515
  6   19         0.558       82.960       110.520       -6.600        0.621       82.867        110.020
  6   20         1.681       82.779       110.823       -6.100        1.397       82.454        110.869
  6   21         0.171       82.845       110.210       -6.500        0.484       82.780        109.854
  6   22         1.327       83.092       110.779       -6.300        1.089       82.712        110.891
  6   23         0.485       82.112       110.907       -6.600        0.580       81.756        110.627
  6   24         1.320       83.092       110.711       -6.500        1.099       82.737        110.822
  6   25         0.665       82.456       111.166       -6.700        0.789       82.132        110.929
  6   26         1.390       82.918       110.829       -6.400        1.137       82.537        110.883
  6   27         1.123       83.183       110.731       -6.600        0.911       82.814        110.825
  6   28         0.920       82.191       111.218       -6.600        0.690       81.844        110.961
  6   29         0.374       82.445       111.010       -6.500        0.489       82.133        110.762
  6   30         0.697       82.415       110.764       -6.500        0.822       82.072        110.526
  6   31         0.262       82.281       111.043       -6.800        0.411       81.930        110.795
  6   32         0.432       82.375       111.239       -7.200        0.625       82.061        111.045
  6   33         1.145       83.398       110.693       -6.600        0.964       83.034        110.770
  6   34         0.563       82.164       111.164       -6.300        0.703       81.814        110.903
  6   35         1.025       82.626       110.537       -6.600        0.775       82.289        110.659
  6   36         0.907       82.650       111.081       -6.400        0.689       82.302        111.125
  6   37         0.357       82.281       110.895       -6.600        0.505       81.976        110.673
  6   38         0.270       82.336       110.970       -6.600        0.356       81.997        110.690
  6   39         0.563       84.509       111.627       -6.600        0.608       84.777        112.025
  6   40         1.431       84.399       111.776       -6.400        1.401       84.718        112.076
  6   41         0.617       82.230       110.922       -7.000        0.763       81.870        110.688
  6   42         0.646       82.355       110.989       -7.000        0.794       81.998        110.763
  6   43         0.842       82.022       110.992       -6.600        0.581       81.679        110.768
  6   44         0.538       82.446       111.034       -6.600        0.652       82.100        110.774
  6   45         0.977       82.943       110.879       -6.600        0.726       82.598        110.995
  6   46         0.579       82.416       110.954       -6.900        0.677       82.135        110.665
  6   47         0.896       82.028       111.095       -6.400        0.669       81.662        110.899
  6   48         0.970       81.938       111.007       -6.700        0.720       81.608        110.754
  6   49         0.623       82.076       110.672       -6.500        0.732       81.752        110.370
  6   50         0.739       83.647       111.062       -6.400        0.585       83.272        111.209
  6   51         0.650       82.301       111.376       -6.800        0.757       81.994        111.048
  6   52         1.205       83.721       110.635       -6.800        0.942       83.429        110.719
  6   53         1.010       83.584       110.404       -7.200        0.735       83.261        110.531
  6   54         1.169       83.410       110.323       -6.800        0.937       83.098        110.447
  6   55         0.556       82.034       111.253       -6.800        0.685       81.661        111.051
  6   56         1.091       83.591       110.630       -6.700        0.821       83.272        110.751
  6   57         1.096       83.634       110.608       -6.700        0.834       83.319        110.787
  6   58         0.936       81.720       110.872       -6.600        1.043       81.325        110.623
  6   59         1.062       83.582       110.326       -7.000        0.792       83.269        110.466
  6   60         0.199       82.054       110.803       -6.700        0.320       81.762        110.548
  6   61         0.424       81.809       110.842       -6.900        0.516       81.445        110.573
  6   62         1.018       82.873       111.150       -6.600        0.961       83.275        111.180
  6   63         0.916       81.713       111.081       -6.500        0.670       81.379        110.844
  6   64         0.471       82.092       110.993       -6.900        0.588       81.759        110.710
  6   65         0.381       81.703       111.350       -6.500        0.533       81.318        111.114
  6   66         1.405       83.377       110.339       -6.700        1.144       83.074        110.463
  6   67         1.434       83.574       110.504       -6.500        1.146       83.261        110.632
  6   68         2.132       83.125       110.932       -6.300        1.756       82.969        110.927
  6   69         1.620       82.943       110.594       -6.300        1.317       82.735        110.744
  6   70         1.980       83.390       110.762       -6.800        1.649       83.171        110.789
  6   71         0.809       82.413       111.277       -6.500        0.574       82.085        110.997
  6   72         0.597       81.925       111.147       -6.600        0.712       81.540        110.925
  6   73         1.366       83.872       111.125       -6.800        1.368       84.186        111.440
  6   74         2.633       83.984       111.232       -6.400        2.322       83.952        111.572
  6   75         1.223       83.361       110.668       -6.700        0.952       83.047        110.814
  6   76         1.362       83.653       110.497       -6.700        1.109       83.332        110.633
  6   77         0.650       82.276       111.100       -6.400        0.790       81.907        110.865
  6   78         1.313       83.944       110.494       -7.000        1.072       83.633        110.677
  6   79         1.260       83.500       110.502       -6.800        0.992       83.179        110.632
  6   80         1.216       83.276       110.619       -6.700        0.997       82.930        110.766
  6   81         0.882       83.747       110.645       -6.900        0.615       83.427        110.777
  6   82         1.091       83.620       110.691       -6.800        0.853       83.284        110.817
  6   83         1.001       83.511       110.756       -6.800        0.734       83.178        110.884
  6   84         0.656       82.046       110.917       -6.600        0.761       81.676        110.673
  6   85         0.083       82.535       111.060       -6.300        0.239       82.157        110.822
  6   86         3.170       85.286       111.007       -6.400        3.407       84.995        111.196
  6   87         0.891       83.057       111.222       -6.200        0.692       82.693        111.349
  6   88         2.522       83.246       110.301       -6.400        2.311       83.403        109.918
  6   89         1.410       83.230       110.358       -6.900        1.082       83.045        110.518
  6   90         1.298       84.140       111.057       -6.600        1.255       84.469        111.343
  6   91         2.192       83.457       110.695       -6.400        1.726       83.440        110.586
  6   92         1.385       83.059       110.986       -6.100        1.027       82.889        111.149
  6   93         1.383       83.389       110.440       -6.600        1.089       83.175        110.631
  6   94         1.263       83.852       110.624       -6.600        0.970       83.544        110.768
  6   95         1.734       83.173       110.567       -6.400        1.371       82.989        110.664
  6   96         0.956       83.763       110.523       -6.800        0.721       83.440        110.701
  6   97         1.535       85.026       111.071       -6.900        1.450       84.645        110.877
  6   98         0.430       82.405       111.280       -6.600        0.564       82.033        111.045
  6   99         1.164       83.681       110.348       -7.000        0.934       83.380        110.500
  6   100         0.944       82.332       111.070       -6.400        0.694       81.958        110.883
  6   101         1.077       83.734       110.326       -6.800        0.800       83.424        110.468
  6   102         1.714       83.386       110.288       -6.800        1.399       83.175        110.444
  6   103         3.297       86.000       111.391       -6.400        2.960       86.245        111.441
  6   104         1.037       82.122       111.285       -6.900        1.162       81.720        111.078
  6   105         0.310       82.016       110.862       -6.800        0.448       81.675        110.574
  6   106         0.809       82.194       111.075       -6.600        0.898       81.815        110.815
  6   107         0.545       81.982       111.048       -6.400        0.686       81.667        110.816
  6   108         0.697       82.232       111.140       -6.700        0.446       81.892        110.893
  6   109         1.595       83.497       110.236       -6.600        1.323       83.170        110.324
  6   110         0.122       82.032       111.305       -6.700        0.239       81.647        111.065
  6   111         1.145       83.440       110.267       -6.900        0.928       83.109        110.386
  6   112         0.415       81.999       111.444       -6.200        0.579       81.681        111.258
  6   113         0.485       82.109       111.017       -6.500        0.623       81.748        110.790
  6   114         0.579       82.044       110.910       -6.600        0.724       81.716        110.671
  6   115         1.119       83.761       110.394       -7.000        0.845       83.435        110.474
  6   116         1.202       83.898       110.539       -6.700        0.954       83.578        110.639
  6   117         1.969       83.069       111.207       -6.300        1.841       82.942        111.577
  6   118         1.380       83.313       110.659       -6.500        1.150       82.948        110.733
  6   119         2.670       84.052       111.299       -6.700        2.445       83.920        111.620
  6   120         1.185       83.551       110.372       -7.000        0.922       83.218        110.498
  6   121         2.776       83.260       110.259       -6.700        2.509       83.319        109.861
  6   122         1.135       83.711       110.352       -6.700        0.853       83.406        110.490
  6   123         0.469       81.783       110.978       -6.500        0.577       81.380        110.747
  6   124         1.024       83.587       110.595       -6.900        0.772       83.256        110.751
  6   125         1.001       84.688       111.665       -6.600        1.097       84.992        111.950
  6   126         1.335       84.029       111.482       -6.200        1.311       84.335        111.839
  6   127         1.044       83.451       110.587       -6.300        0.809       83.167        110.744


